dni
00000395
00000824
00001165
00001435
00001596
00001871
00002047
00002433
00002476
00002886
00002955
00003591
00003815
00003815
00003832
00003947
00004167
00004290
00004478
00005344
00005710
00005944
00005944
00006329
00006480
00006516
00006537
00006537
00007223
00007269
00007287
00007291
00007943
00008945
00008959
00009442
00009780
00009846
00010004
00010603
00010815
00010863
00010884
00010938
00011129
00011129
00011823
00011859
00011880
00012062
00012125
00012165
00013739
00014143
00014198
00014986
00015180
00015602
00015836
00016305
00016518
00016518
00017322
00017512
00017512
00017590
00017769
00018260
00018576
00019200
00019424
00019552
00019839
00020502
00021176
00021584
00021973
00022178
00022419
00022617
00023209
00023253
00023652
00023986
00024110
00024138
00025059
00025998
00026076
00026264
00026537
00026710
00026752
00026877
00026877
00026968
00027278
00027347
00027596
00027968
00028305
00028344
00028369
00028423
00028934
00028939
00029864
00029932
00029995
00030009
00030132
00030260
00030330
00030574
00031057
00031164
00031243
00032815
00032815
00033365
00034038
00034400
00035926
00036292
00036643
00036740
00036923
00037850
00038065
00039222
00039283
00039444
00039445
00041917
00043721
00043721
00043721
00043949
00044311
00044823
00045071
00045134
00045221
00046346
00046500
00046661
00046897
00047851
00050621
00051833
00051940
00052181
00053140
00053265
00053924
00056015
00056261
00056648
00059121
00060132
00060316
00060667
00061351
00061832
00062016
00062357
00062424
00062456
00062551
00062778
00063636
00063896
00063941
00064143
00064143
00064194
00064199
00064593
00064593
00064638
00064833
00065617
00065675
00066733
00066758
00066996
00067917
00068040
00068259
00068461
00068820
00068875
00068906
00069018
00069020
00069282
00069576
00069695
00069780
00070088
00070088
00070945
00070984
00071087
00071163
00072222
00072380
00072528
00072561
00072932
00073026
00073360
00073444
00073444
00073655
00073756
00074842
00075056
00075273
00075438
00075706
00075774
00075996
00076647
00076781
00076954
00077261
00077431
00077633
00077928
00077928
00078063
00078254
00078284
00078462
00078624
00079218
00079541
00079787
00079881
00080025
00080025
00080213
00080271
00080648
00080892
00081138
00081591
00081700
00081800
00082188
00082407
00082412
00082472
00082662
00082662
00082734
00082965
00082977
00083156
00083366
00083801
00084105
00084322
00084401
00084504
00084567
00084594
00084618
00084618
00084646
00084661
00084670
00084670
00084989
00085333
00085869
00086109
00086274
00086335
00086399
00086512
00086567
00086574
00086679
00086703
00086808
00086898
00087095
00087267
00087281
00087355
00087357
00087530
00087683
00087786
00088215
00088298
00088677
00089152
00089313
00089418
00089641
00089690
00089781
00089921
00089972
00090114
00090283
00090302
00090361
00090512
00090546
00090560
00090683
00090859
00090907
00090926
00091032
00091053
00091123
00091179
00091202
00091235
00091247
00091315
00091359
00091427
00091476
00091495
00091658
00091728
00091774
00091774
00091915
00091936
00092083
00092093
00092105
00092171
00092289
00092349
00092471
00092559
00092791
00092879
00092911
00093043
00093080
00093163
00093419
00093421
00093469
00093556
00093572
00093664
00093726
00093913
00094027
00094036
00094060
00094239
00094249
00094254
00094331
00094479
00094496
00094670
00094679
00094760
00094772
00094772
00094782
00094799
00094829
00094964
00094996
00095154
00095160
00095188
00095188
00095208
00095246
00095359
00095611
00095619
00095702
00095845
00095889
00095892
00095908
00095930
00095938
00096148
00096271
00096688
00096704
00096868
00097117
00097144
00097144
00097160
00097340
00097340
00097353
00097381
00097381
00097384
00097400
00097479
00097479
00097516
00097541
00097545
00098048
00098057
00098187
00098270
00098289
00098339
00098374
00098467
00098515
00098524
00098583
00098621
00098671
00098740
00098928
00099008
00099079
00099109
00099313
00099382
00099397
00099500
00099501
00099656
00099716
00099740
00099815
00099864
00100019
00100044
00100078
00100096
00100144
00100213
00100227
00100299
00100313
00100379
00100379
00100379
00100389
00100403
00100413
00100576
00100620
00100645
00100807
00100870
00101023
00101067
00101067
00101196
00101279
00101361
00101553
00101647
00101661
00101717
00101835
00101836
00101854
00101978
00102060
00102126
00102183
00102202
00102471
00102607
00102662
00102731
00102743
00102808
00102850
00102868
00102938
00103041
00103185
00103590
00103771
00103867
00104129
00104129
00104201
00104223
00104446
00104483
00104483
00104569
00104587
00104603
00104619
00104739
00104768
00104787
00104895
00105034
00105043
00105140
00105174
00105374
00105428
00105539
00105539
00105600
00105801
00105812
00105842
00105887
00105894
00105898
00105932
00105943
00106029
00106031
00106068
00106090
00106132
00106335
00106393
00106398
00106483
00106534
00106552
00106565
00106608
00106640
00106670
00106698
00106752
00106820
00107157
00107315
00107341
00107406
00107477
00107489
00107547
00107633
00107743
00107772
00107808
00107814
00107814
00107859
00107876
00107889
00107901
00107928
00108094
00108271
00108339
00108378
00108384
00108384
00108480
00108524
00108569
00108582
00108612
00108967
00108976
00109108
00109108
00109137
00109194
00109257
00109457
00109496
00109496
00109500
00109619
00109628
00109680
00109723
00109782
00109914
00110025
00110081
00110096
00110124
00110138
00110147
00110288
00110347
00110383
00110541
00110589
00110777
00110790
00110829
00111035
00111068
00111081
00111161
00111161
00111205
00111217
00111421
00111552
00111735
00111829
00111848
00111965
00111988
00112058
00112058
00112074
00112161
00112222
00112222
00112224
00112369
00112489
00112570
00112630
00112707
00112763
00112783
00112783
00112783
00112825
00112886
00113209
00113309
00113330
00113340
00113344
00113536
00113635
00113693
00113726
00113781
00113815
00113890
00114214
00114396
00114447
00114468
00114564
00114595
00114685
00114991
00115115
00115219
00115390
00115471
00115471
00115519
00115544
00115711
00116038
00116038
00116437
00116526
00116873
00117430
00117450
00117450
00117472
00117509
00117544
00117591
00117724
00117763
00117881
00117951
00117998
00118032
00118057
00118142
00118174
00118174
00118174
00118320
00118464
00118547
00118709
00118862
00119320
00119342
00119400
00119511
00119560
00119579
00119599
00119599
00119599
00119945
00120036
00120036
00120057
00120063
00120166
00120281
00120386
00120436
00120497
00120525
00120583
00120625
00120636
00120827
00120957
00120965
00120994
00120999
00121143
00121203
00121203
00121642
00121832
00122137
00122166
00122390
00122510
00122510
00122510
00122552
00122599
00122640
00122683
00122683
00122697
00122793
00122891
00122996
00123302
00123333
00123663
00123723
00123749
00123749
00123771
00123815
00123815
00123853
00124127
00124154
00124193
00124407
00124487
00124528
00124532
00124534
00124586
00124592
00124688
00124688
00124714
00124729
00124765
00124810
00124833
00124840
00124846
00124884
00124931
00124936
00124951
00124970
00125008
00125025
00125033
00125033
00125176
00125185
00125214
00125214
00125218
00125276
00125332
00125393
00125582
00125677
00125755
00125872
00125908
00125919
00125930
00126028
00126039
00126078
00126094
00126153
00126341
00126420
00126458
00126508
00126532
00126540
00126603
00126654
00126703
00126874
00126902
00126966
00126974
00126982
00127093
00127121
00127123
00127137
00127153
00127182
00127182
00127196
00127216
00127286
00127324
00127326
00127362
00127401
00127419
00127464
00127534
00127628
00127687
00127738
00127780
00127825
00127990
00128002
00128020
00128070
00128111
00128156
00128254
00128285
00128286
00128307
00128385
00128443
00128471
00129003
00129238
00129271
00129275
00129276
00129396
00129460
00129536
00130247
00130256
00130343
00130467
00131406
00150066
00150736
00151056
00151255
00152020
00152056
00153063
00153496
00155091
00155790
00156440
00156877
00158040
00158446
00158705
00158729
00159284
00159383
00159548
00159777
00159987
00159987
00160002
00160142
00160294
00161177
00161243
00161511
00162027
00162612
00162690
00163439
00163738
00163770
00163845
00164337
00164582
00164670
00164738
00165233
00165353
00165353
00165472
00165666
00165787
00165800
00166288
00166615
00170309
00170939
00171642
00172972
00177319
00177735
00179911
00179957
00182871
00183077
00183559
00184888
00184960
00184974
00185015
00185019
00185150
00185335
00185581
00185777
00185921
00185962
00186772
00186880
00187230
00187230
00187230
00187232
00187304
00188009
00188077
00188077
00188077
00188144
00188894
00188927
00190697
00190927
00191274
00191335
00191476
00200344
00200375
00200540
00200715
00200840
00201098
00201102
00201293
00201355
00201639
00202106
00202191
00202224
00202226
00202226
00202407
00202448
00202448
00202578
00202602
00202905
00203060
00203190
00203410
00203550
00203550
00203628
00203774
00204370
00204593
00205091
00205239
00205394
00205394
00205394
00206251
00206589
00206702
00206976
00206987
00207002
00207011
00207276
00207646
00208174
00208254
00208427
00208454
00208585
00209051
00209437
00209457
00210377
00210501
00210501
00210581
00210590
00210812
00210988
00211005
00211357
00211395
00212338
00212376
00212739
00213049
00213813
00213957
00214286
00216238
00216294
00216296
00216353
00216422
00217061
00217161
00217693
00217996
00218009
00218525
00218575
00218746
00218829
00218947
00219204
00219284
00219408
00219540
00219815
00219820
00219836
00220019
00220209
00220211
00220548
00220578
00220693
00220929
00220986
00221190
00221190
00221244
00221320
00221388
00221525
00221577
00221864
00222001
00222078
00222326
00222744
00222971
00224191
00224275
00224516
00224516
00224516
00224961
00225439
00225635
00225635
00225847
00225925
00225947
00226339
00226523
00226817
00226857
00226893
00227266
00227293
00227487
00227505
00227861
00227912
00227969
00228839
00228944
00229571
00229598
00230144
00230568
00230901
00231009
00231531
00231891
00231927
00232771
00233201
00233362
00234019
00234228
00234412
00234511
00235360
00236392
00236479
00236496
00236610
00236610
00236610
00236625
00236662
00236785
00236938
00236962
00237257
00237424
00237602
00237630
00238078
00238108
00238123
00238222
00238228
00238228
00238297
00238330
00238330
00238349
00238407
00238508
00238600
00238607
00238693
00238748
00238938
00239144
00239148
00239386
00239392
00239401
00239413
00239545
00239548
00239708
00239756
00239778
00239823
00239823
00239829
00239838
00240022
00240051
00240097
00240211
00240263
00240279
00240299
00240362
00240364
00240364
00240364
00240375
00240426
00240430
00240474
00240522
00240573
00240701
00240737
00240794
00240857
00240874
00241072
00241099
00241108
00241230
00241232
00241237
00241295
00241321
00241324
00241441
00241612
00241620
00241696
00241703
00241709
00241832
00241839
00242022
00242053
00242053
00242711
00242983
00243044
00243086
00243240
00243727
00243954
00243954
00243956
00244100
00244386
00244393
00244399
00244423
00244423
00244429
00244751
00244768
00244870
00244911
00244955
00244983
00244985
00244994
00245037
00245051
00245079
00245085
00245199
00245204
00245261
00245285
00245332
00245334
00245469
00245469
00245493
00245546
00245674
00245692
00245716
00245770
00245879
00245976
00246015
00246015
00246052
00246080
00246142
00246142
00246142
00246179
00246209
00246214
00246231
00246245
00246355
00246355
00246440
00246443
00246488
00246538
00246545
00246567
00246596
00246606
00246680
00246700
00246837
00246851
00246859
00247213
00247224
00247344
00247446
00247580
00247580
00247617
00247838
00248056
00248127
00248132
00248132
00248158
00248213
00248260
00248291
00248293
00248331
00248356
00248399
00248493
00248532
00248532
00248626
00248636
00248652
00248656
00248696
00248716
00248776
00248822
00248901
00248949
00249013
00249032
00249094
00249127
00249160
00249242
00249287
00249336
00249344
00249399
00249406
00249421
00249434
00249564
00249599
00249839
00249848
00249848
00249912
00249957
00249973
00250049
00250049
00250083
00250179
00250208
00250237
00250293
00250303
00250309
00250310
00250405
00250471
00250473
00250524
00250525
00250652
00250745
00250760
00250786
00250818
00250844
00250865
00250933
00250947
00250964
00250981
00251052
00251119
00251126
00251126
00251175
00251179
00251231
00251250
00251312
00251450
00251476
00251476
00251517
00251609
00251618
00251647
00251647
00251647
00251686
00251877
00251877
00251939
00251973
00251996
00252039
00252127
00252202
00252226
00252226
00252253
00252382
00252382
00252456
00252522
00252567
00252604
00252651
00252651
00252691
00252691
00252714
00252863
00252887
00252962
00252981
00252990
00253002
00253002
00253030
00253085
00253152
00253153
00253166
00253260
00253653
00253732
00253773
00253885
00253903
00253909
00253910
00253970
00253991
00254043
00254046
00254066
00254269
00254269
00254319
00254372
00254458
00254470
00254507
00254507
00254565
00254702
00254844
00254857
00254891
00254925
00255072
00255138
00255243
00255299
00255303
00255310
00255347
00255431
00255453
00255466
00255475
00255483
00255557
00255707
00255740
00255867
00255877
00255881
00255895
00255917
00255936
00255948
00255984
00256028
00256048
00256091
00256100
00256208
00256243
00256260
00256282
00256282
00256351
00256378
00256438
00256486
00256488
00256509
00256517
00256537
00256592
00256806
00256822
00256862
00256884
00256919
00257006
00257032
00257204
00257233
00257233
00257247
00257270
00257326
00257342
00320920
00321024
00321747
00321950
00322105
00322641
00322679
00322799
00323091
00323300
00323359
00323484
00323610
00323662
00323719
00323803
00323929
00324540
00324867
00325070
00325160
00325463
00326104
00326133
00326154
00326165
00326230
00326245
00326253
00326254
00326263
00326267
00326304
00326321
00326348
00326536
00326591
00326591
00326766
00327020
00327156
00327237
00327292
00327292
00327395
00327453
00327468
00327487
00327512
00327634
00327694
00327694
00327720
00327766
00327845
00327873
00327897
00327897
00327989
00328008
00328075
00328075
00328103
00328136
00328320
00328396
00328405
00328668
00328688
00328709
00328725
00328739
00328810
00360037
00360270
00360462
00360993
00361244
00361505
00361750
00362073
00362467
00362727
00362773
00363236
00363624
00363624
00363960
00364309
00364694
00364768
00364798
00364882
00365113
00365187
00365211
00365631
00366023
00366264
00366454
00367209
00367354
00367548
00367593
00367639
00367961
00368068
00368068
00368072
00368549
00368549
00368724
00368744
00369100
00369323
00369551
00369553
00369572
00369572
00369572
00369647
00369791
00369799
00369799
00369862
00369971
00369990
00369992
00369993
00370042
00370071
00370086
00370130
00370271
00370309
00370359
00370393
00370512
00370623
00370716
00370748
00370758
00370834
00370841
00370935
00370963
00370994
00371032
00371073
00371082
00371119
00371125
00371137
00371143
00371170
00371243
00371363
00371393
00371398
00371398
00371463
00371511
00371541
00371551
00372024
00372146
00372242
00372335
00372437
00372437
00372575
00372678
00373089
00373092
00373126
00373130
00373178
00373190
00373209
00373288
00373340
00373369
00373388
00373541
00373598
00373605
00373675
00373679
00373761
00373786
00373818
00373870
00373893
00373912
00373915
00374008
00374101
00374127
00374127
00374127
00374135
00374136
00374150
00374202
00374227
00374286
00374319
00374332
00374378
00374398
00374450
00374549
00374880
00374894
00400243
00400243
00400534
00400772
00401331
00401401
00401423
00401483
00401652
00401850
00402015
00402227
00402266
00402337
00402574
00402756
00402830
00403012
00403086
00403246
00403248
00403477
00403580
00403724
00403764
00403877
00404095
00404662
00404773
00404852
00405175
00405223
00405292
00405306
00405383
00405540
00405765
00405825
00406071
00406151
00406597
00406735
00406825
00407601
00408281
00408843
00409110
00409128
00409344
00409344
00409423
00409586
00409659
00409832
00409942
00409959
00409988
00410044
00410122
00410352
00410484
00410535
00410553
00410591
00410735
00410816
00410881
00410937
00411386
00411493
00411493
00411888
00412017
00412036
00412243
00412285
00412305
00412391
00412456
00412593
00412808
00412810
00412917
00412969
00413107
00413128
00413157
00413189
00413234
00413244
00413720
00414035
00414095
00414131
00414144
00414320
00414463
00414738
00414810
00414836
00414877
00415089
00415179
00415206
00415222
00415287
00415293
00415360
00415449
00415544
00415619
00415624
00415641
00415881
00415932
00415934
00416087
00416156
00416318
00416423
00416451
00416490
00416608
00416678
00417032
00417117
00417141
00417327
00417475
00417529
00417573
00417697
00417845
00417848
00417856
00417883
00418021
00418021
00418088
00418088
00418166
00418196
00418214
00418846
00418856
00418876
00419101
00419613
00419707
00419728
00419765
00420061
00420081
00420389
00420866
00421135
00421295
00421323
00421328
00421417
00421762
00421795
00422247
00422289
00422462
00422494
00422511
00422637
00422643
00422663
00422670
00422998
00423235
00423533
00423533
00423533
00423637
00423983
00424311
00424704
00424811
00425068
00425340
00425345
00425607
00425607
00425609
00425647
00425699
00425727
00425727
00425836
00425921
00425982
00426001
00426004
00426016
00426034
00426191
00426277
00426551
00426823
00426995
00427561
00427702
00428181
00428696
00428709
00428715
00428799
00428862
00428967
00429041
00429146
00429329
00429922
00430395
00430500
00430778
00431291
00431339
00431356
00431535
00431613
00431808
00432037
00432270
00432911
00432995
00433011
00433055
00433085
00433147
00433266
00433435
00433446
00433602
00433608
00433625
00433722
00433729
00434435
00434886
00434961
00435113
00435113
00435261
00435401
00435414
00435496
00435557
00435760
00435923
00436062
00436503
00437141
00437945
00439228
00439849
00439904
00439904
00440075
00441485
00441739
00441759
00442145
00442229
00442364
00442364
00442483
00442685
00442854
00442957
00442971
00442996
00443128
00443147
00443343
00443344
00443479
00443653
00443692
00443759
00443976
00444244
00444352
00444481
00444625
00444725
00444807
00445009
00445136
00445285
00445320
00445346
00445417
00445447
00445662
00445681
00445689
00445951
00446125
00446172
00446201
00446258
00446258
00446524
00446600
00446919
00447116
00447126
00447268
00447290
00447335
00447362
00447363
00447366
00447458
00447532
00447794
00447801
00447917
00447975
00448025
00448193
00448251
00448299
00448306
00448435
00448451
00448498
00448523
00448591
00448760
00448808
00448842
00448933
00449360
00449997
00450045
00450045
00450185
00450299
00450390
00450390
00450415
00450663
00450681
00450715
00450806
00450901
00450976
00451045
00451045
00451125
00451139
00451186
00451226
00451441
00452525
00452525
00452525
00452662
00452710
00453197
00453309
00453641
00454665
00454710
00454766
00454911
00455385
00455504
00455611
00455794
00456039
00456040
00456040
00456074
00456086
00456097
00456152
00456210
00456325
00456408
00456485
00456559
00456843
00456859
00457957
00459817
00460570
00460580
00460949
00461006
00461254
00461313
00461324
00461394
00461460
00461484
00461625
00461704
00461844
00462134
00462340
00462739
00462779
00462877
00462975
00462998
00463044
00463067
00463096
00463641
00463712
00463759
00465702
00465842
00467008
00467222
00467404
00467473
00467482
00467570
00467596
00467660
00467724
00468519
00468568
00468587
00468916
00469108
00469410
00469411
00469418
00469501
00469637
00469664
00469683
00469799
00470442
00470501
00470830
00471002
00471039
00471173
00471386
00471405
00471528
00471707
00471737
00471737
00471737
00471763
00471861
00472197
00472249
00472257
00472418
00472432
00472501
00472968
00472986
00473110
00473272
00473274
00473279
00473282
00473322
00473332
00473392
00473512
00473643
00473745
00473868
00473906
00473906
00473928
00473992
00474044
00474224
00474373
00474594
00474716
00474717
00474814
00474879
00474942
00474944
00474963
00475019
00475093
00475563
00475566
00475722
00475853
00475972
00476055
00476149
00476415
00476452
00476632
00476657
00476659
00476949
00476978
00477098
00477121
00477234
00477382
00477417
00477459
00477673
00477673
00477726
00477767
00478301
00478511
00478709
00478821
00478991
00479128
00479153
00479213
00479296
00479468
00479479
00479544
00479890
00479935
00479954
00479960
00480307
00480368
00480542
00480629
00480789
00481085
00481408
00481563
00481568
00481688
00481720
00481862
00481925
00481973
00482026
00482326
00482333
00482370
00482388
00482693
00482748
00482810
00482970
00482975
00482986
00483073
00483200
00483229
00483261
00483276
00483291
00483313
00483341
00483341
00483415
00483437
00483656
00483704
00483735
00483789
00483804
00483899
00483944
00483996
00484127
00484209
00484531
00484593
00484666
00484672
00484755
00484776
00484830
00484865
00484872
00484931
00484935
00485055
00485115
00485135
00485212
00485255
00485255
00485304
00485308
00485311
00485362
00485381
00485392
00485392
00485407
00485488
00485532
00485866
00486142
00486149
00486172
00486180
00486216
00486542
00486555
00486555
00486600
00486766
00486786
00486807
00486827
00486869
00486939
00487166
00487211
00487267
00487281
00487293
00487380
00487458
00487547
00487578
00487739
00487821
00487852
00487870
00488011
00488097
00488116
00488144
00488159
00488207
00488227
00488256
00488264
00488308
00488309
00488335
00488452
00488564
00488564
00488613
00488633
00488689
00488724
00488734
00488864
00488891
00488891
00488927
00488957
00489027
00489098
00489146
00489154
00489154
00489206
00489308
00489320
00489421
00489430
00489432
00489532
00489587
00489665
00489708
00489708
00489782
00489782
00489819
00489875
00489907
00489993
00490012
00490018
00490021
00490144
00490162
00490162
00490174
00490185
00490223
00490238
00490250
00490548
00490582
00490636
00490659
00490674
00490699
00490746
00490857
00490985
00490990
00491420
00491432
00491442
00491469
00491500
00491507
00491539
00491569
00491690
00491748
00491754
00491786
00491836
00491858
00491858
00491952
00492015
00492060
00492129
00492170
00492345
00492378
00492385
00492411
00492443
00492561
00492574
00492575
00492576
00492622
00492665
00492795
00492798
00492798
00492799
00492799
00492842
00492846
00492861
00492863
00492871
00492874
00492897
00492950
00492959
00493003
00493011
00493011
00493095
00493097
00493102
00493120
00493204
00493234
00493253
00493253
00493287
00493299
00493312
00493312
00493353
00493381
00493394
00493529
00493594
00493604
00493611
00493612
00493612
00493651
00493658
00493675
00493771
00493830
00493871
00493872
00493875
00493937
00493956
00493958
00493983
00494002
00494023
00494049
00494052
00494117
00494128
00494147
00494151
00494242
00494280
00494285
00494396
00494500
00494543
00494587
00494615
00494663
00494663
00494749
00494750
00494760
00494766
00494845
00494870
00494951
00494975
00494999
00495014
00495044
00495109
00495170
00495236
00495237
00495290
00495300
00495305
00495397
00495440
00495443
00495443
00495462
00495492
00495505
00495541
00495544
00495548
00495571
00495751
00495778
00495801
00495820
00495837
00495858
00495905
00495907
00495924
00495932
00495932
00495939
00495947
00495948
00495987
00496019
00496202
00496216
00496218
00496282
00496304
00496376
00496460
00496575
00496628
00496643
00496746
00496776
00496778
00496825
00496827
00496882
00496953
00496956
00496956
00496959
00496982
00497227
00497260
00497391
00497419
00497508
00497562
00497567
00497595
00497606
00497666
00497671
00497738
00497764
00498050
00498065
00498214
00498218
00498221
00498274
00498282
00498306
00498334
00498340
00498341
00498342
00498346
00498356
00498438
00498493
00498554
00498577
00498611
00498736
00498778
00498878
00498898
00498913
00498982
00499000
00499019
00499043
00499054
00499195
00499201
00499212
00499219
00499265
00499280
00499353
00499378
00499382
00499430
00499434
00499453
00499457
00499504
00499510
00499544
00499546
00499565
00499624
00499640
00499645
00499756
00499790
00499849
00499872
00499892
00500017
00500525
00501059
00501403
00501643
00501720
00501774
00502061
00502463
00502640
00503397
00503575
00504008
00504052
00504105
00504151
00504183
00504187
00504221
00504329
00504435
00504464
00504593
00504625
00504643
00504699
00504734
00504848
00504881
00504899
00504913
00505014
00505037
00505070
00505254
00505317
00505381
00505761
00505761
00505796
00505884
00505905
00505961
00505965
00506028
00506031
00506079
00506129
00506129
00506185
00506226
00506344
00506394
00506491
00506491
00506509
00506557
00506592
00506615
00506618
00506736
00506828
00506833
00506833
00506836
00506940
00506971
00506983
00507008
00507079
00507251
00507251
00507276
00507305
00507333
00507342
00507351
00507364
00507439
00507444
00507499
00507504
00507886
00508072
00508077
00508167
00508185
00508220
00508346
00508373
00508384
00508384
00508410
00508410
00508422
00508425
00508509
00508605
00508608
00508621
00508623
00508652
00508694
00508713
00508742
00508873
00508904
00508918
00508969
00508977
00509033
00509062
00509090
00509109
00509161
00509219
00509254
00509257
00509313
00509381
00509453
00509497
00509533
00509608
00509671
00509790
00509907
00509910
00509942
00510003
00510054
00510153
00510360
00510374
00510399
00510477
00510507
00510525
00510589
00510678
00510710
00510724
00510850
00510898
00510919
00511015
00511138
00511192
00511365
00511375
00511433
00511523
00511523
00511533
00511560
00511633
00511762
00511770
00511776
00511808
00511847
00511918
00511930
00511944
00511951
00512070
00512102
00512104
00512185
00512234
00512371
00512414
00512533
00512607
00512608
00512731
00512732
00512806
00512812
00512848
00512933
00512943
00513032
00513032
00513105
00513132
00513261
00513283
00513312
00513354
00513675
00513696
00513945
00514041
00514078
00514082
00514086
00514095
00514099
00514108
00514136
00514159
00514213
00514323
00514349
00514351
00514415
00514448
00514451
00514506
00514517
00514564
00514606
00514665
00514686
00514718
00514824
00514845
00514855
00514900
00514905
00514924
00514934
00514953
00514953
00514963
00515006
00515017
00515027
00515057
00515181
00515184
00515214
00515251
00515278
00515345
00515353
00515359
00515425
00515485
00515601
00515659
00515665
00515707
00515709
00515811
00515839
00515881
00515943
00515969
00516025
00516058
00516154
00516159
00516165
00516171
00516186
00516216
00516232
00516309
00516311
00516316
00516338
00516399
00516425
00516430
00516431
00516440
00516467
00516504
00516518
00516594
00516679
00516705
00516727
00516783
00516783
00516802
00516821
00516843
00516843
00516855
00516892
00516915
00516919
00516945
00516976
00516989
00516994
00517051
00517062
00517078
00517148
00517162
00517162
00517188
00517334
00517336
00517389
00517433
00517460
00517541
00517611
00517772
00517779
00517813
00517858
00517884
00517917
00517917
00517926
00517935
00517974
00517991
00518060
00518084
00518099
00518107
00518107
00518130
00518132
00518154
00518154
00518305
00518334
00518397
00518397
00518397
00520040
00520139
00520309
00520421
00520432
00520432
00520432
00520444
00520445
00520532
00520542
00520556
00520636
00520886
00520892
00520903
00520944
00521050
00521053
00521124
00521701
00521759
00521777
00522039
00522088
00522121
00522263
00522320
00523211
00523211
00523225
00523262
00523438
00523467
00523474
00523491
00523491
00523491
00523495
00523498
00523520
00523522
00523558
00660019
00660169
00661595
00662471
00662568
00662687
00662710
00662783
00664100
00665292
00665496
00666014
00666137
00666372
00666374
00667102
00667283
00667399
00668404
00668612
00669379
00671043
00671842
00671858
00675265
00676110
00676203
00676255
00676291
00676336
00676427
00676437
00676484
00676501
00676628
00677808
00682841
00682925
00682936
00682966
00683012
00683021
00683021
00683024
00683053
00683082
00683131
00683226
00683241
00683260
00683286
00683312
00683385
00683467
00683548
00683548
00683600
00683609
00683847
00683931
00683949
00790029
00790091
00790092
00790102
00790105
00790213
00790223
00790240
00790302
00790376
00790579
00790607
00790607
00790746
00790823
00790865
00791062
00791143
00791211
00791238
00791322
00791347
00791364
00791387
00791439
00791565
00791578
00791660
00791686
00791724
00791741
00791864
00791968
00791968
00791968
00792050
00792105
00792147
00792178
00792207
00792269
00792301
00792389
00792410
00792412
00792414
00792475
00792533
00792533
00792550
00792562
00792570
00792606
00792654
00792661
00792662
00792662
00792688
00792750
00792755
00792763
00792863
00792880
00792914
00792947
00792953
00792956
00792985
00793004
00793030
00793144
00793192
00793254
00793269
00793318
00793426
00793485
00793541
00793550
00793767
00793779
00793822
00793892
00793898
00793954
00793960
00793969
00793991
00794003
00794081
00794121
00794162
00794203
00794307
00794329
00794352
00794357
00794383
00794389
00794421
00794423
00794428
00794445
00794468
00794484
00794512
00794530
00794574
00794691
00794718
00794739
00794764
00794904
00794936
00794972
00794984
00794991
00795068
00795131
00795182
00795211
00795211
00795236
00795259
00795260
00795271
00795337
00795385
00795396
00795454
00795603
00795613
00795614
00795616
00795623
00795658
00795667
00795770
00795770
00795796
00795820
00795845
00795931
00796033
00796066
00796095
00796116
00796123
00796126
00796154
00796154
00796230
00796245
00796312
00796320
00796389
00796466
00796475
00796515
00796526
00796540
00796548
00796548
00796567
00796569
00796572
00796588
00796634
00796635
00796647
00796765
00796804
00796814
00796854
00796864
00796877
00796943
00796948
00796979
00796986
00797015
00797035
00797055
00797073
00797092
00797103
00797230
00797232
00797321
00797377
00797506
00797506
00797534
00797536
00797562
00797744
00797937
00797972
00798873
00798917
00798931
00798931
00798942
00799011
00799079
00799103
00799148
00799179
00799192
00799214
00799216
00799235
00799237
00799237
00799293
00799309
00799436
00799465
00799478
00799479
00799488
00799529
00799538
00799563
00799634
00799737
00799789
00799992
00799996
00800047
00800074
00800150
00800388
00800765
00801395
00802079
00803696
00804184
00804261
00805139
00806436
00807372
00807383
00807587
00808746
00808962
00809804
00811023
00811166
00811353
00811596
00811790
00811918
00812230
00812522
00812614
00814586
00814750
00814750
00814924
00815545
00815622
00815847
00816037
00816478
00816616
00816659
00817104
00817425
00817703
00818015
00818826
00819313
00819345
00819579
00819738
00819790
00819798
00819869
00819986
00819986
00819986
00820061
00820768
00820818
00820935
00820945
00820955
00821016
00821108
00821238
00821263
00821412
00821424
00821492
00821589
00821689
00821689
00821757
00821783
00822075
00822095
00822137
00822266
00822287
00822299
00822310
00822382
00822611
00822685
00822745
00822861
00822909
00822924
00823070
00823165
00823374
00823379
00823546
00823546
00823794
00823849
00823903
00823918
00823962
00824309
00824489
00824698
00825515
00825515
00825601
00826806
00826904
00827543
00827985
00828026
00828190
00828320
00828424
00828435
00828514
00828531
00828789
00829238
00829255
00829313
00829531
00829627
00829707
00829739
00829752
00829767
00829825
00829841
00829876
00829956
00830143
00830354
00830363
00830916
00831015
00831233
00831340
00831401
00831481
00831491
00831493
00831559
00831590
00831681
00832182
00832300
00832320
00832332
00832374
00832393
00832510
00832602
00832815
00833010
00833379
00833707
00833757
00834268
00834272
00834499
00834578
00834728
00834747
00835041
00835041
00835118
00835633
00835676
00835845
00835914
00836811
00836997
00837311
00837360
00837379
00837595
00837824
00837824
00837920
00837920
00838009
00838220
00838371
00838404
00839008
00839119
00839281
00839692
00839745
00839928
00840025
00840025
00840617
00840643
00841009
00841229
00841769
00841842
00841929
00842244
00843618
00843689
00843842
00844034
00844266
00844293
00844603
00845731
00845749
00845782
00847447
00847499
00847594
00849066
00849277
00850800
00850984
00851165
00851207
00852947
00859614
00859639
00859925
00860014
00860098
00860124
00860143
00860145
00860407
00860549
00860801
00860832
00860937
00860949
00860990
00861073
00861250
00862421
00862512
00862581
00864427
00864559
00864606
00864606
00864645
00864841
00864978
00865109
00865146
00865404
00865422
00865433
00865480
00865482
00865489
00865530
00865577
00865600
00868442
00868442
00868912
00868912
00868912
00869099
00869284
00869850
00869996
00871539
00872015
00872448
00872516
00872965
00873142
00874419
00875172
00875172
00875184
00875583
00875708
00875979
00877372
00878319
00878542
00878728
00878880
00881114
00881407
00882350
00882760
00883403
00883495
00884340
00884749
00884806
00884842
00885222
00885592
00888756
00890136
00890227
00890501
00890501
00890501
00890560
00890646
00896835
00896841
00897365
00897541
00898947
00900150
00900315
00900608
00900776
00901804
00901882
00902372
00905766
00906544
00907532
00907786
00908313
00911480
00911642
00911911
00913900
00914072
00914138
00915449
00917467
00917582
00918362
00919384
00920103
00920420
00921082
00921390
00921835
00923124
00924494
00924752
00924752
00924752
00925615
00925615
00926633
00927370
00928826
00929186
00929186
00931173
00931873
00932296
00932298
00933305
00934441
00942452
00944846
00946786
00949045
00949215
00949248
00949248
00949349
00949618
00949784
00949856
00950193
00951037
00951748
00951798
00951912
00951930
00952416
00952556
00952758
00953161
00953168
00953248
00953295
00953375
00953483
00953546
00953556
00953591
00953823
00953987
00954000
00954019
00954156
00954236
00954308
00954372
00954392
00954442
00954464
00954464
00954490
00954491
00954603
00954661
00954691
00954799
00954828
00954899
00954903
00956031
00956248
00959689
00961001
00961047
00961047
00961070
00961262
00961284
00961415
00961469
00961690
00961748
00961770
00962012
00962289
00962667
00962740
00962740
00963048
00963172
00963307
00963624
00963636
00963729
00963729
00963829
00964211
00964320
00964320
00964433
00964735
00965691
00966094
00966094
00966217
00966457
00966459
00966687
00966716
00966724
00966783
00967084
00967100
00967111
00967354
00967408
00967435
00967497
00967798
00967798
00967885
00968013
00968175
00968485
00968995
00969333
00969814
00970517
00970764
00971688
00971718
00972090
00972096
00972560
00972743
00972743
00973257
00973895
00974007
00974267
00974272
00974607
00974607
00974788
00975005
00975135
00975178
00975212
00975212
00975371
00975537
00975618
00975671
00975965
00976172
00976352
00976647
00977287
00977859
00977986
00978275
00978282
00980315
00980716
00980774
00980831
00980831
00981287
00981334
00981594
00981622
00983324
00985880
00987431
00987455
00988128
00988128
00989323
00989772
00990069
00990640
00991691
00993737
00993737
00993771
00993808
00994581
00994671
00995940
00996017
00996405
00996891
00997298
00997607
00997607
00997607
00998246
00998517
00998615
01000394
01000978
01002172
01002611
01003118
01003932
01004388
01004584
01004584
01004592
01004623
01005212
01005212
01006008
01009547
01010462
01011564
01011801
01012356
01012631
01012631
01012752
01012823
01012895
01013088
01013440
01013440
01013440
01013526
01013542
01013664
01013785
01013903
01013956
01014114
01014181
01014478
01014781
01014825
01015135
01016467
01016805
01017971
01018516
01020481
01020481
01021113
01021400
01021621
01022219
01022397
01022754
01022837
01022939
01023236
01024026
01024168
01024447
01032793
01033030
01034263
01034382
01040068
01040611
01040635
01040724
01042398
01042715
01042973
01042977
01042977
01043404
01043457
01043522
01043722
01043812
01043848
01043856
01044239
01044368
01044403
01045203
01045269
01045572
01045622
01045720
01045853
01046011
01046072
01046279
01046523
01046651
01046683
01046699
01046718
01046718
01046733
01046869
01046915
01047003
01047038
01047244
01047332
01047442
01047583
01047852
01048834
01048900
01049063
01050337
01050417
01050737
01050942
01053184
01053259
01053259
01054644
01054707
01056003
01056811
01056861
01057109
01057168
01058050
01058504
01058690
01059080
01059855
01059910
01060059
01060748
01060852
01061547
01061569
01061596
01061637
01061638
01061876
01062312
01062317
01062427
01062461
01062714
01062889
01062955
01063418
01063715
01063996
01064501
01064800
01064800
01064884
01064887
01065552
01065922
01066117
01066246
01066605
01066661
01067377
01068301
01068398
01068406
01068528
01068918
01069004
01069596
01070948
01071054
01071633
01071741
01071766
01072019
01072177
01072199
01072915
01072995
01073419
01073843
01074123
01074475
01074633
01075213
01075564
01075900
01076224
01076639
01077438
01077939
01079248
01079431
01079431
01079718
01080255
01080339
01080623
01080716
01080720
01081353
01081483
01081571
01081571
01082681
01083514
01085066
01085098
01085099
01086126
01087044
01087269
01087784
01088679
01088698
01088896
01088910
01089063
01089063
01089142
01089483
01090044
01090738
01090738
01090855
01090876
01090988
01090994
01091070
01091521
01091587
01091822
01092174
01092175
01092179
01092384
01092392
01093896
01093960
01093964
01094614
01094951
01095244
01095926
01097616
01098304
01100866
01100998
01100998
01101012
01101016
01101016
01101040
01101077
01101107
01101111
01101189
01102404
01102476
01102724
01103563
01103786
01104276
01104848
01105892
01105936
01105975
01105975
01106599
01106620
01106779
01106779
01108889
01109000
01109212
01109402
01109416
01109434
01110001
01110675
01111025
01111217
01111359
01111386
01111539
01111755
01111852
01112034
01112072
01112306
01112753
01113892
01114354
01114672
01115215
01115456
01115637
01115687
01115687
01115918
01116057
01116067
01116283
01116309
01116321
01116473
01116539
01116620
01116922
01116922
01117047
01117099
01117254
01117359
01117380
01117536
01117943
01118078
01118082
01118159
01118259
01118298
01118352
01118558
01118874
01119071
01119071
01119158
01119396
01119425
01119431
01119444
01119446
01119560
01119560
01119560
01119709
01119742
01119742
01119763
01119869
01119892
01119892
01119892
01119933
01119950
01119950
01120102
01120155
01120219
01120300
01120301
01120440
01120546
01120582
01120756
01120840
01120882
01120957
01120977
01121196
01121315
01121384
01121814
01121815
01121834
01121848
01121960
01121993
01122050
01122140
01122181
01122207
01122289
01122406
01122425
01122444
01122518
01122610
01122611
01122611
01122615
01122653
01122713
01122729
01122885
01122912
01122917
01123005
01123044
01123102
01123102
01123324
01123357
01123410
01123496
01124555
01124570
01124728
01124761
01124829
01126650
01126765
01126765
01126817
01127006
01127217
01127445
01127467
01127470
01127506
01127509
01127588
01127588
01127588
01127948
01127948
01127995
01128027
01128439
01128913
01129004
01129007
01129124
01129744
01129744
01130120
01130158
01130214
01130214
01130285
01130307
01130519
01130533
01130571
01130704
01130706
01130709
01130878
01130970
01130988
01131027
01131033
01131069
01131069
01131099
01131103
01131184
01131206
01131279
01131279
01131279
01131327
01131343
01131348
01131367
01131535
01131537
01131761
01131898
01131954
01132423
01132573
01132694
01132734
01132835
01132843
01132900
01133057
01133122
01133195
01133291
01133332
01133457
01133687
01133717
01133781
01133781
01133781
01133946
01133947
01133987
01133994
01134093
01134260
01134419
01134479
01134513
01134630
01134959
01135062
01135148
01135371
01135371
01135452
01135870
01135927
01136878
01136962
01137582
01137638
01137815
01137860
01137863
01137941
01138089
01138121
01138310
01139278
01139371
01139543
01139584
01139633
01139678
01139796
01140002
01140008
01140025
01140081
01140095
01140095
01140208
01140239
01140666
01142379
01142660
01142661
01142719
01142772
01142891
01143617
01143677
01143771
01143843
01143865
01143922
01143933
01143944
01143960
01143960
01143998
01144027
01144235
01144244
01144411
01144427
01144618
01146068
01146143
01146169
01146306
01146362
01146369
01146479
01146492
01146492
01146522
01146621
01146634
01146634
01146671
01146684
01146706
01146710
01146880
01146881
01146979
01147141
01147147
01147230
01147234
01147243
01147312
01147436
01147473
01147558
01147570
01147591
01147599
01147675
01147684
01147779
01147796
01147910
01147958
01148092
01148129
01148162
01148243
01148328
01148389
01148731
01148745
01148781
01148788
01148805
01148807
01148854
01148937
01149012
01149131
01149218
01149328
01149349
01149359
01149506
01149782
01150191
01150558
01150595
01151081
01151402
01151740
01151784
01152065
01152297
01152459
01152773
01153036
01153439
01154174
01154517
01154880
01154882
01155090
01155100
01155122
01155142
01155457
01155609
01155620
01155803
01155938
01155952
01156045
01156376
01156376
01156606
01156606
01156818
01156845
01156985
01157005
01157061
01157106
01157150
01157150
01157239
01157596
01157724
01157892
01158094
01158429
01158450
01158466
01158493
01158542
01158612
01158612
01158697
01158880
01158916
01159021
01159117
01159189
01159214
01159339
01159396
01159497
01159519
01159804
01160110
01160127
01160170
01160198
01160245
01160372
01160613
01160620
01160766
01161257
01161353
01161381
01161385
01161403
01161414
01161466
01161593
01161595
01161618
01161626
01161646
01161656
01161702
01161720
01161722
01161727
01161729
01161751
01161870
01161916
01162027
01162105
01162307
01162343
01162413
01162477
01162519
01162519
01162519
01162539
01162617
01162720
01162799
01162987
01163051
01163078
01163113
01163126
01163126
01163206
01163213
01163263
01163291
01163301
01163337
01163341
01163385
01163390
01163398
01163427
01163445
01163648
01163649
01163660
01163662
01163691
01163698
01163701
01163716
01163745
01163792
01164207
01165018
01165030
01165124
01165127
01165166
01166217
01166287
01166331
01166456
01170048
01170240
01170246
01170246
01170328
01170388
01170578
01172009
01172049
01172163
01172217
01172232
01174866
01186012
01186626
01186996
01187309
01187803
01188492
01188988
01189108
01189341
01189515
01189601
01200153
01200412
01200486
01200678
01200811
01201247
01201271
01201511
01201598
01201841
01201958
01202056
01202558
01202758
01202815
01202901
01203103
01203148
01203361
01203681
01203798
01204145
01204185
01204449
01204501
01204537
01204831
01204940
01205554
01205627
01205874
01205874
01206049
01206195
01206195
01206450
01206450
01208035
01208105
01208105
01208183
01208208
01208208
01208455
01208584
01208584
01209141
01209275
01209344
01209450
01209459
01209555
01209681
01209691
01209895
01209905
01209911
01210888
01211014
01211217
01211246
01211263
01211430
01212480
01212772
01212808
01212856
01213206
01213387
01213388
01213390
01213672
01213848
01213848
01213867
01213910
01213910
01213910
01214087
01214087
01214119
01215504
01215686
01215700
01215700
01215758
01215876
01215935
01216084
01216097
01216306
01216428
01216454
01216956
01217091
01217115
01217121
01217147
01217192
01217510
01217610
01217690
01217829
01217978
01218063
01218120
01218224
01218283
01218315
01218351
01218384
01218582
01218748
01218790
01218844
01219024
01219032
01219933
01220923
01221488
01221924
01222072
01222086
01222924
01222940
01223192
01223268
01223366
01223519
01223904
01223960
01224327
01224337
01224337
01224767
01224861
01225714
01226526
01226666
01226753
01227008
01227612
01227708
01228022
01228341
01228732
01228815
01228844
01228932
01228966
01229063
01229079
01229329
01229346
01229355
01229458
01229458
01229559
01229810
01230121
01230377
01230490
01230490
01230655
01230660
01230775
01230955
01231069
01231179
01231459
01231796
01231971
01232493
01232642
01233635
01233741
01233895
01234007
01234033
01234036
01234085
01234120
01234138
01234320
01234570
01234570
01234828
01234845
01234845
01235225
01235227
01235309
01235333
01235516
01235689
01235690
01236883
01236968
01237022
01237022
01237088
01238546
01239550
01241079
01244340
01244353
01245721
01246634
01248963
01248963
01253653
01253882
01254411
01255320
01255475
01255475
01255475
01257578
01258403
01258703
01261971
01262706
01262741
01263382
01263402
01263429
01263494
01263545
01263581
01264679
01264844
01264844
01265624
01265956
01266335
01267086
01267144
01268321
01269082
01269411
01269598
01269802
01269982
01271801
01271960
01272105
01272193
01272861
01273239
01273485
01273610
01273788
01275042
01275477
01276047
01278023
01279374
01279416
01280643
01281084
01281095
01281197
01282409
01282466
01284017
01284615
01284789
01284944
01284977
01285319
01285846
01285934
01286103
01286113
01286113
01286145
01286212
01286431
01286519
01287072
01287154
01287193
01287386
01287429
01287577
01287787
01287787
01287992
01288220
01288311
01288505
01288914
01288935
01289281
01289359
01289372
01289372
01289389
01289469
01289531
01290069
01291660
01291808
01292309
01292319
01292326
01292326
01292328
01292385
01292401
01292423
01292590
01292591
01292597
01292761
01293439
01294088
01294464
01294735
01295096
01296468
01296518
01296518
01296571
01296689
01296702
01296719
01296719
01296732
01296826
01296831
01296857
01296998
01297077
01297406
01297414
01297424
01297459
01297477
01297495
01297499
01297595
01297598
01297622
01297625
01297657
01297683
01297683
01297781
01297809
01297873
01297888
01297892
01297935
01297939
01297941
01297956
01297958
01298187
01298292
01298852
01299241
01300831
01301738
01301767
01302341
01302387
01302492
01302759
01302759
01303090
01303097
01303207
01303991
01304054
01304099
01304172
01304221
01304296
01304396
01304439
01304560
01304761
01304827
01304892
01305269
01305734
01305739
01305785
01305878
01305964
01306004
01306004
01306070
01306198
01306432
01306551
01306642
01306949
01307020
01307055
01307115
01307186
01307357
01307460
01307497
01307612
01307777
01307860
01307899
01307924
01307964
01307987
01308011
01308134
01308197
01308327
01308386
01308470
01308609
01308689
01308697
01308748
01308821
01308868
01308995
01308995
01309043
01309126
01309189
01309291
01309291
01309291
01309387
01309387
01309394
01309421
01309454
01309496
01309527
01309552
01309579
01309597
01309614
01309626
01309692
01309692
01309751
01309754
01309918
01309969
01309977
01310013
01310038
01310063
01310069
01310128
01310377
01310388
01310407
01310604
01310816
01310873
01310873
01310961
01310976
01311036
01311102
01311146
01311146
01311164
01311168
01311171
01311173
01311213
01311214
01311290
01311337
01311339
01311358
01311543
01311698
01311818
01311820
01311918
01312594
01313528
01313816
01314531
01314563
01314576
01314600
01314667
01314667
01314708
01314725
01314747
01314856
01314922
01315018
01315030
01315039
01315095
01315117
01315207
01315220
01315355
01315407
01315416
01315422
01315470
01315527
01315568
01315585
01315605
01315632
01315657
01315674
01315724
01315779
01315780
01316137
01316137
01316196
01316212
01316316
01316407
01316471
01316486
01316490
01316593
01316651
01316902
01316921
01316967
01316988
01317066
01317079
01317130
01317130
01317263
01317275
01317313
01317313
01317323
01317347
01317348
01317408
01317470
01317501
01317643
01317785
01317795
01317801
01317924
01317981
01318042
01318048
01318050
01318064
01318282
01318362
01318479
01318723
01318771
01319055
01319165
01319442
01319449
01319497
01319515
01319540
01319632
01319752
01319763
01319943
01320107
01320316
01320316
01320360
01320369
01320470
01320609
01320735
01320736
01320749
01320874
01320876
01320885
01320931
01320992
01321027
01321118
01321196
01321229
01321229
01321422
01321434
01321533
01321579
01321581
01321581
01321604
01321610
01321629
01321753
01321782
01321900
01321994
01322020
01322096
01322164
01322164
01322171
01322191
01322191
01322298
01322332
01322356
01322357
01322498
01322504
01322729
01322873
01322876
01322896
01322996
01323096
01323274
01323368
01323477
01323517
01323520
01323550
01323589
01323601
01323670
01323748
01323847
01323938
01323944
01323984
01324006
01324062
01324105
01324351
01324375
01324387
01324420
01324438
01324500
01324531
01324804
01324833
01324945
01325039
01325059
01325089
01325091
01325105
01325134
01325181
01325232
01325355
01325425
01325477
01325535
01325583
01325583
01325635
01325641
01325668
01325672
01325707
01325735
01325749
01325753
01325838
01325868
01325890
01325921
01326100
01326143
01326212
01326245
01326251
01326283
01326288
01326288
01326290
01326303
01326309
01326315
01326333
01326375
01326398
01326460
01326495
01326544
01326553
01326671
01326787
01326806
01326919
01326921
01326942
01326992
01326992
01327045
01327086
01327138
01327348
01327419
01327453
01327466
01327500
01327589
01327629
01327890
01327903
01328054
01328181
01328192
01328409
01328428
01328475
01328635
01328635
01329004
01329010
01329188
01329188
01329188
01329298
01329397
01329832
01329877
01330341
01330414
01330501
01330713
01330834
01330948
01331098
01331242
01331242
01331243
01331372
01331476
01331693
01332090
01332225
01332369
01332404
01332442
01332478
01332590
01332683
01332683
01332742
01332813
01332837
01332839
01332840
01332887
01332892
01332918
01333037
01333192
01333199
01333199
01333200
01333469
01333479
01333479
01333518
01333621
01333682
01333697
01333723
01333753
01333801
01333809
01334013
01334023
01334090
01334110
01334178
01334264
01334300
01334396
01334485
01334501
01334510
01334521
01334528
01334591
01334640
01334758
01334759
01334761
01334784
01334889
01334890
01334937
01334954
01335110
01335158
01335158
01335268
01335276
01335336
01335368
01335507
01335530
01335555
01335574
01335594
01335652
01335675
01335732
01335784
01335825
01335892
01335915
01336103
01336268
01336489
01337216
01338188
01338252
01338300
01338300
01338509
01338556
01338578
01338679
01339011
01339180
01339746
01339880
01340011
01340111
01340265
01340275
01340320
01340320
01340320
01340328
01340330
01340342
01340347
01340365
01340365
01340435
01340465
01340465
01340518
01340519
01340553
01340572
01340592
01340613
01340640
01340722
01340751
01340881
01340994
01340998
01341013
01341101
01341178
01341198
01341215
01341245
01341253
01341263
01341263
01341276
01341288
01341331
01341385
01341447
01341513
01341527
01341542
01341544
01341635
01341688
01342019
01342055
01342063
01342106
01342107
01342188
01342210
01342256
01342283
01342328
01342374
01342481
01342634
01342658
01342727
01342773
01342807
01342844
01342845
01342879
01342892
01342897
01342945
01342949
01342990
01343026
01343085
01343124
01343129
01343316
01343355
01343510
01343536
01343709
01343733
01343761
01343784
01343804
01343815
01343819
01343879
01343923
01344005
01344051
01344285
01344309
01344337
01344358
01344368
01344404
01344414
01344424
01344550
01344564
01344581
01344714
01344721
01344763
01344803
01344817
01344885
01344953
01345017
01345073
01345107
01345152
01345211
01345212
01345297
01345327
01345352
01345429
01345430
01345469
01345612
01345623
01345645
01345652
01345867
01480540
01480541
01480603
01481879
01481906
01481949
01482447
01483082
01483162
01484790
01484822
01485655
01485713
01485746
01485911
01486159
01486270
01487490
01487560
01487694
01487717
01488883
01489189
01489433
01489559
01489830
01489840
01489845
01490831
01491295
01491295
01491408
01491457
01492303
01495185
01495190
01495296
01497620
01499850
01501195
01501399
01502321
01502755
01506210
01507622
01507735
01508313
01509642
01509664
01510262
01510952
01513350
01515068
01516553
01516578
01518686
01518894
01520241
01523486
01523486
01523659
01524337
01524773
01525533
01527437
01530073
01530818
01531154
01531353
01532306
01533967
01535022
01536573
01537014
01539083
01539123
01539305
01539305
01539690
01539918
01540967
01541173
01541484
01542916
01543219
01543402
01543558
01544328
01544483
01544517
01544619
01544624
01544658
01544737
01544801
01544894
01545105
01545436
01545496
01546061
01546114
01546715
01546817
01547059
01547103
01547441
01547793
01548352
01548535
01548694
01548773
01548785
01549881
01549929
01550843
01551088
01551106
01552562
01553212
01553364
01553401
01553792
01553964
01553975
01555066
01555333
01555914
01555922
01556092
01556154
01556315
01556343
01556528
01556530
01556624
01556990
01557390
01558625
01558631
01558721
01559033
01559109
01559317
01559327
01559484
01559537
01560005
01560019
01560027
01560232
01560255
01560397
01561038
01561136
01561174
01563622
01563824
01680517
01681890
01682090
01682295
01683162
01683219
01683410
01683467
01683822
01684114
01685562
01685562
01685727
01686404
01687174
01689602
01691932
01692819
01693208
01694956
01696088
01697160
01699125
01699289
01699295
01699497
01699680
01699937
01699985
01700016
01700049
01700138
01700138
01700142
01700512
01701422
01702051
01702246
01702445
01703882
01704230
01704400
01704910
01704938
01704978
01705189
01705195
01705237
01760407
01760475
01762893
01763377
01764998
01765424
01766209
01767100
01767102
01768800
01770178
01770842
01771233
01771306
01772075
01772431
01772615
01772663
01772725
01772819
01772936
01773746
01774129
01775287
01776378
01776998
01776998
01777264
01777432
01777895
01781888
01781951
01782116
01782310
01782454
01783150
01787684
01789132
01790934
01792283
01792818
01792982
01794540
01798835
01801535
01802425
01802864
01802888
01802954
01808271
01809756
01809870
01809960
01812801
01813107
01815731
01815731
01817045
01817212
01817539
01819148
01820373
01823842
01825039
01831204
01834228
01834768
01836185
01837171
01837257
01837353
01839989
01840564
01840832
01841506
01843284
01843669
01843837
01843846
01843893
01844011
01844061
01844733
01845540
01845541
01845939
01847009
01848320
01848632
01848722
01850631
01850726
01850726
01850840
01850911
01850949
01851050
01851310
01851613
01851847
01852675
01852897
01853835
01854599
01854633
01854633
01855162
01855181
01856184
01856274
01856930
01857231
01858552
01858669
01858782
01859823
01861119
01861375
01861552
01861578
01862202
01862271
01862341
01862582
01862669
01862824
01862846
01863068
01863263
01863412
01863542
01863687
01863739
01863767
01863951
01864409
01864433
01864845
01865088
01865396
01865506
01865576
01865619
01865791
01865845
01866572
01867772
01867787
01868130
01868130
01868261
01868316
01868420
01869389
01869622
01869694
01869811
01869811
01869993
01870106
01870248
01870339
01870428
01870584
01870593
01870695
01870823
01870854
01870865
01872490
01872946
01873449
01873531
01874182
01874357
01875280
01875636
01878096
01878140
01888047
01888171
01888173
01888254
01888628
01888777
01888939
01889063
01889104
01889123
01889255
01889472
01889472
01891874
01891990
01980432
01980702
01981025
01981344
01981618
01983918
01984057
01985759
01990521
01990896
01990987
01991337
01991709
01991790
01992607
01993675
01994081
01994081
01994125
01994154
01995340
01997839
01999017
02000653
02002409
02003205
02004043
02006188
02006517
02006954
02006954
02008346
02014344
02014865
02015496
02015875
02022930
02022960
02024015
02026107
02027228
02030219
02030741
02031287
02032149
02032343
02032742
02034542
02034959
02034959
02035174
02035318
02035475
02035508
02035978
02036267
02038183
02038393
02038552
02038560
02038663
02038943
02039184
02039272
02039851
02040222
02040469
02040635
02040678
02041827
02042717
02042879
02043320
02043831
02044387
02044554
02044567
02044855
02045045
02045146
02045346
02045507
02045599
02045925
02046032
02046144
02047009
02047353
02047567
02047854
02047992
02048264
02050302
02050328
02050746
02050953
02064083
02064306
02064376
02064406
02064692
02064793
02064864
02064985
02064985
02140003
02140225
02141367
02141412
02144555
02144621
02144683
02144953
02145272
02145337
02145595
02145634
02145634
02145647
02145713
02145826
02146450
02146450
02146527
02146527
02146584
02146588
02146649
02146699
02146699
02146851
02147019
02147072
02147083
02147155
02147192
02147271
02147593
02147696
02147714
02147738
02147763
02147769
02150643
02150701
02150812
02150890
02150890
02150890
02150937
02151117
02151266
02152503
02152520
02152586
02152613
02152666
02154555
02155197
02156564
02157159
02157261
02157517
02157517
02161705
02162004
02162796
02163032
02163469
02163947
02166835
02166859
02167058
02167239
02167256
02167593
02167627
02167639
02167675
02167695
02167857
02168086
02168100
02168220
02168319
02168441
02168591
02168673
02169085
02169297
02169308
02169753
02169767
02170072
02171884
02171893
02171954
02171970
02171983
02171988
02172150
02172197
02172276
02172276
02172379
02173286
02173532
02173783
02174075
02174108
02174154
02262962
02263212
02264232
02264261
02265009
02265012
02265366
02266135
02266366
02266661
02267103
02270655
02270704
02270732
02271600
02271809
02272630
02273372
02273488
02274898
02275315
02275616
02277518
02279562
02280008
02284131
02284826
02284920
02284957
02287547
02290363
02290550
02291522
02292087
02292418
02292428
02292506
02292578
02292837
02292989
02293018
02293073
02293626
02294354
02294396
02294396
02295028
02295207
02295572
02295942
02295955
02295970
02296088
02296239
02296557
02296800
02296842
02296864
02297009
02297139
02297240
02297300
02297412
02297558
02297590
02297683
02297692
02297740
02297844
02297874
02297931
02297974
02297986
02298210
02298292
02298452
02298588
02298644
02298782
02298891
02298949
02298974
02298981
02299013
02299026
02299172
02299290
02299342
02299404
02299418
02299469
02299561
02299567
02299581
02299594
02299690
02299692
02299700
02299711
02299808
02299808
02299867
02299951
02300186
02300342
02301333
02301402
02301571
02305409
02306630
02306855
02307059
02307091
02307872
02307891
02360248
02360293
02360756
02361626
02363271
02363693
02364178
02364208
02364368
02364606
02364655
02364776
02365401
02366252
02366401
02366419
02366542
02366726
02367049
02367580
02368021
02368307
02368379
02368617
02369037
02369193
02369451
02369534
02369847
02369862
02370099
02370749
02370852
02371047
02371137
02371570
02372135
02372987
02373698
02374356
02374768
02375654
02375722
02376137
02376311
02376311
02376557
02377139
02377773
02378062
02379638
02381024
02381085
02381199
02381924
02382119
02383384
02384286
02384870
02384870
02385575
02385856
02386332
02387286
02387935
02387935
02388009
02388057
02388617
02388628
02388705
02389403
02389942
02390490
02390499
02390649
02390649
02390649
02390684
02391031
02391036
02391110
02391184
02391299
02391378
02391508
02391763
02392036
02392235
02392529
02392935
02393077
02393077
02393965
02394198
02394284
02394304
02394934
02394936
02394950
02395030
02395120
02395329
02396057
02396082
02396660
02396996
02397121
02398641
02398851
02398923
02399025
02399595
02399697
02399743
02399990
02400246
02401052
02401389
02401536
02402411
02402690
02403019
02403022
02403030
02403031
02403067
02403708
02403871
02405424
02405434
02405595
02405660
02406012
02406068
02406270
02406270
02406277
02406277
02407022
02407426
02407514
02407797
02407926
02408115
02408793
02408907
02409047
02409212
02409283
02409787
02410576
02410645
02410666
02411009
02411429
02411456
02411665
02411779
02411852
02411957
02412017
02412056
02412143
02412170
02412170
02412206
02412229
02412402
02412501
02412880
02412886
02412950
02412954
02413070
02413109
02413208
02413401
02413503
02413746
02413828
02413896
02414263
02414394
02414506
02414534
02414666
02414682
02414682
02414902
02414902
02415013
02415496
02415589
02415628
02415634
02415677
02415698
02415801
02415830
02415852
02415983
02416028
02416060
02416073
02416134
02416146
02416334
02416356
02416423
02416423
02416657
02416689
02416743
02416787
02416936
02416966
02416990
02417424
02417507
02417514
02417558
02417569
02417593
02417647
02417815
02417815
02417993
02418029
02418034
02418063
02418067
02418205
02418215
02418227
02419268
02419380
02419384
02419389
02419598
02419605
02419610
02419801
02420355
02420368
02420514
02420627
02420865
02421437
02421619
02421699
02422010
02422091
02422483
02422649
02422741
02422947
02422970
02423298
02423367
02423731
02423905
02423992
02424096
02424254
02424280
02424300
02424300
02424417
02424488
02424534
02424542
02424554
02424897
02425000
02425027
02425144
02425182
02425214
02425314
02425425
02425456
02425457
02425585
02425964
02426139
02426348
02426684
02426692
02427166
02427260
02427263
02427523
02427523
02427557
02427699
02428225
02428350
02428621
02428679
02428691
02428805
02428805
02429034
02429207
02429222
02429378
02429396
02429425
02429469
02429470
02429494
02429570
02429570
02429618
02429631
02429735
02429819
02429886
02429927
02429942
02429990
02429991
02430056
02430071
02430531
02430560
02430794
02430873
02431006
02431308
02431411
02431428
02431760
02431806
02431871
02431874
02432033
02432227
02432347
02432383
02432531
02432556
02432606
02432707
02433080
02433205
02433224
02433305
02433698
02433816
02433991
02434037
02434038
02434066
02434237
02434268
02434375
02434430
02434553
02434593
02434688
02434718
02434739
02434893
02435055
02435061
02435139
02435456
02435485
02435564
02435800
02436215
02436256
02436256
02436441
02436441
02436512
02436512
02436512
02436667
02436729
02436904
02436997
02437171
02437309
02437311
02437385
02437461
02437466
02437481
02437532
02437559
02437559
02437608
02437653
02437700
02437712
02437819
02437890
02437927
02438038
02438193
02438458
02438510
02438599
02438610
02438797
02438915
02438915
02439271
02439309
02439369
02439418
02439636
02439689
02439701
02439722
02439749
02439786
02439905
02439980
02440270
02440365
02440382
02440451
02440511
02440517
02440675
02440798
02440805
02440874
02440963
02440985
02440995
02441017
02441152
02441279
02441281
02441357
02441414
02441430
02441461
02441671
02441772
02441787
02441787
02441793
02441828
02441863
02442010
02442123
02442152
02442209
02442216
02442221
02442273
02442307
02442445
02442508
02442736
02442773
02442930
02443027
02443097
02443238
02443679
02443709
02443713
02443713
02444324
02444380
02444452
02444470
02444691
02444721
02444732
02444732
02444819
02444819
02444945
02444948
02445030
02445147
02445570
02445623
02445640
02445640
02445665
02445722
02445776
02445905
02445962
02446136
02446151
02446323
02446328
02446408
02446433
02446467
02446591
02446645
02446697
02446698
02446872
02446974
02447014
02447031
02447099
02447127
02447131
02447214
02447279
02447375
02447375
02447437
02447476
02447486
02447546
02447603
02447624
02447635
02447706
02447706
02448018
02448167
02448361
02448414
02448414
02448464
02448503
02448674
02448739
02448781
02448782
02448911
02448915
02449123
02449126
02449159
02449173
02449245
02449250
02449352
02449445
02449462
02449874
02449882
02449945
02521154
02521602
02521980
02522706
02523158
02523838
02524048
02524771
02526343
02526373
02527357
02527829
02527991
02529012
02531125
02531144
02531684
02532141
02532939
02533442
02534112
02534307
02534597
02535348
02537281
02538359
02538551
02538787
02540084
02542351
02542756
02542978
02543726
02543937
02544065
02544199
02544685
02545025
02545135
02546042
02546042
02546042
02546101
02546141
02546246
02546261
02546506
02548804
02548966
02549160
02549180
02549220
02549363
02549465
02549498
02550025
02550167
02550643
02551286
02551391
02551391
02551408
02552899
02552996
02552996
02553608
02553608
02553854
02554445
02554671
02554673
02555285
02555833
02556324
02556363
02557204
02557858
02558117
02558166
02558229
02558513
02600184
02600220
02600404
02600598
02600889
02600889
02600967
02601307
02601553
02601792
02601842
02601899
02602050
02602392
02602788
02602846
02603095
02603095
02603219
02603224
02603419
02603515
02603553
02603807
02603931
02604025
02604175
02604180
02604292
02604384
02604484
02604484
02604511
02604591
02604616
02604645
02605074
02605074
02605284
02605295
02605563
02605931
02605958
02606067
02606069
02606069
02606291
02606377
02606428
02606515
02606669
02606770
02606929
02606980
02606998
02607382
02607585
02607939
02608042
02608120
02608167
02608182
02608209
02608252
02608253
02608277
02608282
02608487
02608800
02608812
02608887
02608916
02609043
02609139
02609231
02609231
02609285
02609339
02609345
02609498
02609533
02610055
02610055
02610149
02610149
02610237
02610342
02610412
02610419
02610419
02610621
02610765
02610802
02610982
02611353
02611363
02611729
02611873
02611873
02611913
02611913
02611933
02611954
02611957
02612132
02612213
02612619
02612733
02613068
02613087
02613348
02613372
02613405
02613598
02613644
02613664
02613731
02613776
02614354
02615084
02615350
02615481
02616039
02616105
02616191
02616193
02616235
02616763
02616767
02616785
02616785
02616801
02617009
02617103
02617129
02617165
02617429
02617530
02617690
02617758
02617964
02618000
02618284
02618586
02618666
02618671
02618799
02619413
02619464
02619483
02619491
02620101
02620121
02620121
02620181
02620311
02620390
02620865
02620984
02621047
02621524
02621681
02621753
02621845
02621866
02621920
02621946
02621968
02621968
02621968
02622370
02622394
02622660
02622699
02622888
02622964
02623647
02623720
02624010
02624094
02624094
02624138
02624196
02624294
02624636
02624639
02624655
02624668
02624714
02625219
02625708
02625789
02625891
02626613
02626613
02626775
02627370
02627543
02627548
02627770
02627825
02628131
02628184
02628501
02628508
02628598
02628721
02629030
02629272
02629394
02629721
02629732
02629939
02630035
02630042
02630096
02630155
02630251
02630477
02631019
02631044
02631111
02631118
02631138
02631454
02631524
02631580
02631684
02631810
02631881
02632042
02632291
02632318
02632341
02632991
02632991
02633068
02633145
02633849
02634057
02634175
02634252
02634318
02634524
02634657
02634772
02634791
02635112
02635154
02635380
02635463
02635500
02635504
02635587
02635737
02635766
02635875
02635989
02636059
02636374
02636377
02636517
02637305
02637590
02637701
02637807
02637831
02637887
02638001
02638058
02638134
02638260
02638373
02638735
02638969
02639562
02639689
02639932
02639944
02640323
02640776
02641065
02641100
02641152
02641152
02641524
02641524
02641542
02641602
02641710
02643360
02643408
02643636
02643679
02644138
02644140
02644350
02644593
02644681
02644913
02644922
02644926
02644935
02645180
02645269
02645568
02645590
02645689
02645803
02645920
02645940
02646943
02647180
02647225
02647237
02647280
02647280
02647311
02647830
02648143
02648307
02648429
02648470
02648741
02648900
02649199
02649222
02649332
02649802
02649898
02649904
02650318
02650357
02650402
02650402
02650634
02650723
02650725
02650725
02650876
02650900
02651013
02651066
02651101
02651277
02651610
02651675
02651685
02651901
02651988
02651999
02652042
02652482
02652666
02652673
02652907
02652907
02652909
02653028
02653108
02653466
02653716
02653775
02653965
02654095
02654292
02654818
02654827
02654872
02654901
02654902
02654953
02655347
02655394
02655443
02655475
02655705
02656264
02656297
02656297
02656659
02656758
02656758
02657130
02657152
02657304
02657336
02657377
02657440
02657440
02657532
02657632
02657687
02657695
02657745
02657876
02657876
02658042
02658214
02658214
02658276
02658310
02658445
02658559
02658564
02658733
02658881
02658886
02658940
02659076
02659397
02659454
02659571
02660361
02661094
02661128
02661260
02661260
02661407
02661750
02662156
02662364
02662390
02663764
02664103
02664383
02664871
02664948
02665035
02665238
02665429
02665593
02665959
02666307
02666429
02666823
02666823
02666935
02666981
02667266
02667372
02667374
02667380
02667596
02667600
02667647
02667683
02668095
02668223
02668441
02668749
02668749
02668948
02668982
02669431
02669621
02670423
02670478
02670517
02670813
02671230
02671512
02672049
02673841
02673848
02674523
02674832
02674903
02675077
02675457
02675459
02675486
02675490
02675797
02675985
02676382
02677300
02677346
02677396
02677397
02677565
02678758
02678914
02679073
02679968
02679987
02680071
02680071
02680157
02680458
02680479
02680937
02681167
02681757
02681961
02682221
02682276
02682389
02682519
02683159
02683451
02683499
02683653
02683890
02685257
02685440
02685572
02685683
02685813
02686083
02686210
02686314
02686893
02687277
02687316
02687331
02687831
02687977
02688142
02688682
02688684
02688960
02689334
02689437
02689497
02689615
02689715
02690071
02690290
02690378
02691024
02691387
02691573
02691743
02691757
02692705
02692747
02693795
02693945
02694027
02695036
02695078
02695980
02696295
02696657
02696799
02697013
02697532
02697698
02698530
02698687
02698862
02699107
02699142
02700335
02700423
02700510
02700948
02702059
02702687
02703241
02703489
02704790
02706006
02706057
02706995
02707028
02707495
02707917
02707917
02707917
02707981
02708148
02709330
02709431
02709438
02709489
02709606
02709618
02709678
02709678
02709804
02709889
02709939
02710178
02713493
02713493
02714085
02715245
02715259
02715287
02715391
02715480
02715518
02715527
02715548
02716865
02717758
02717902
02720627
02721235
02722077
02722379
02722630
02723299
02724770
02725050
02725388
02725441
02726212
02727660
02727771
02728692
02728854
02729776
02729952
02729978
02730688
02731215
02733139
02733348
02735713
02736448
02736488
02736580
02737602
02737677
02737679
02737706
02737746
02737803
02737832
02738366
02739743
02739749
02740061
02740501
02740955
02741662
02742807
02743047
02743326
02743331
02743464
02743573
02743629
02743753
02743753
02743882
02743914
02744159
02744226
02744238
02744361
02744376
02744423
02745194
02746048
02746216
02746501
02747101
02747851
02749051
02751197
02751968
02752726
02752895
02754299
02754590
02755099
02755265
02755389
02755544
02757547
02757787
02757787
02758311
02759275
02759295
02759364
02760827
02761303
02761877
02762263
02762377
02762780
02763435
02765012
02765531
02766023
02766267
02766537
02766667
02766669
02766954
02766970
02766985
02767108
02767688
02768571
02768852
02769526
02769571
02769888
02769974
02770489
02770991
02771025
02771164
02771210
02771235
02771562
02771923
02771955
02772279
02772363
02772367
02772379
02772602
02772814
02772848
02772915
02773815
02773859
02774393
02774507
02775288
02775336
02775376
02775392
02775595
02775847
02775940
02776116
02776504
02776583
02776827
02776846
02777021
02777266
02777297
02777332
02777371
02777444
02777462
02777504
02777614
02777614
02777633
02777679
02777795
02777895
02778256
02778601
02778603
02778791
02778828
02778860
02778867
02778869
02778917
02779201
02779212
02779216
02779335
02779349
02779425
02779608
02779683
02779770
02779850
02779967
02779993
02780198
02780238
02780434
02780683
02781257
02781293
02781514
02781538
02781590
02781591
02781779
02781902
02781924
02782144
02782492
02782557
02783234
02783239
02783239
02783239
02783262
02783728
02783888
02784339
02784360
02784400
02784521
02784777
02784900
02784991
02785043
02785669
02785775
02785896
02785932
02786076
02786375
02786375
02786390
02786592
02786725
02786848
02786848
02786979
02787011
02787218
02787489
02787863
02788037
02788037
02788150
02788215
02788556
02788715
02788731
02788855
02788933
02789033
02789048
02789174
02789206
02789538
02789805
02789889
02790226
02790363
02791347
02791450
02791589
02791634
02791859
02792017
02792044
02792059
02792139
02792139
02792194
02792259
02792274
02792315
02792332
02792439
02792480
02792542
02792550
02792733
02792841
02792884
02792949
02793013
02793137
02793308
02793475
02793549
02793583
02793985
02794106
02794251
02794275
02794305
02794335
02794373
02794379
02794446
02794474
02794490
02794521
02794608
02794802
02794815
02794831
02795008
02795031
02795037
02795043
02795061
02795110
02795171
02795171
02795207
02795260
02795337
02795355
02795389
02795405
02795414
02795456
02795469
02795496
02795530
02795573
02795585
02795877
02796001
02796456
02796763
02796999
02797138
02797301
02798225
02798412
02799459
02799494
02799494
02799512
02799792
02800030
02800834
02800880
02801081
02801161
02801172
02801377
02801400
02801411
02801426
02801553
02801618
02801737
02801900
02801906
02801938
02802074
02802092
02802193
02802338
02802390
02802413
02802513
02802563
02802601
02802809
02802860
02802931
02803319
02803355
02803450
02803534
02803635
02803637
02803647
02803706
02803799
02803799
02803867
02803874
02803875
02804054
02804074
02804147
02804154
02804160
02804160
02804160
02804161
02804163
02804163
02804193
02804347
02804402
02804602
02804719
02804751
02804763
02805030
02805113
02805113
02805266
02805266
02805266
02805342
02805773
02805773
02805775
02805775
02806281
02806453
02806647
02806671
02806836
02807006
02807014
02807045
02807060
02807081
02807163
02807179
02807330
02807394
02807394
02807611
02807746
02807809
02807843
02808018
02808159
02808287
02808315
02808372
02808412
02808412
02808454
02808471
02808477
02808551
02808738
02808738
02808820
02808851
02808954
02808966
02809057
02809093
02809109
02809117
02809467
02809924
02810107
02810165
02810218
02810328
02810464
02810558
02810582
02810713
02810730
02811106
02811110
02811140
02811200
02811259
02811342
02811354
02811430
02811438
02811441
02811486
02811664
02811784
02811808
02811865
02811896
02811917
02811920
02811964
02811993
02811993
02812122
02812245
02812304
02812369
02812381
02812525
02812593
02812652
02813014
02813075
02813117
02813283
02813669
02813950
02814084
02814125
02815194
02815760
02816001
02816010
02816029
02816071
02816102
02816118
02816156
02816169
02816212
02816217
02816343
02816369
02816553
02816745
02816815
02816832
02816842
02816848
02816866
02816881
02816932
02817051
02817145
02817234
02817555
02817589
02817657
02817675
02817707
02817754
02818071
02818191
02818236
02818341
02818341
02818434
02818460
02818496
02818496
02818528
02818544
02818568
02818620
02818633
02818693
02818693
02818707
02818707
02818805
02818851
02818879
02818880
02818907
02818933
02818934
02818973
02818995
02819198
02819276
02819403
02819414
02819448
02819544
02819553
02819822
02819827
02819843
02819861
02819930
02819978
02820031
02820036
02820112
02820119
02820142
02820144
02820160
02820247
02820303
02820308
02820336
02820384
02820568
02820582
02820654
02820660
02820662
02820747
02820747
02820771
02820773
02820885
02821038
02821101
02821335
02821472
02821504
02821641
02821677
02821801
02821818
02821914
02821975
02822007
02822132
02822139
02822288
02822299
02822310
02822351
02822354
02822419
02822455
02822455
02822552
02822568
02822581
02822598
02822602
02822602
02822657
02822667
02822691
02822694
02822696
02822705
02822741
02822835
02822851
02822925
02822960
02823004
02823059
02823101
02823105
02823106
02823111
02823113
02823175
02823175
02823236
02823253
02823295
02823310
02823383
02823454
02823498
02823529
02823535
02823572
02823594
02823598
02823706
02823707
02823749
02823837
02823887
02824018
02824018
02824044
02824137
02824196
02824213
02824245
02824245
02824245
02824251
02824269
02824379
02824400
02824408
02824433
02824487
02824514
02824621
02824819
02824858
02824967
02825052
02825052
02825094
02825097
02825301
02825316
02825362
02825395
02825406
02825427
02825483
02825549
02825742
02825821
02825822
02825876
02825921
02826058
02826184
02826895
02827245
02827417
02827572
02827630
02827773
02827823
02827854
02827905
02827920
02828049
02828266
02828344
02828408
02828463
02828469
02828473
02828525
02828552
02828844
02828988
02828993
02828994
02829003
02829040
02829189
02829286
02829300
02829358
02829405
02829757
02830245
02830264
02830283
02830370
02830381
02830399
02830470
02830500
02830526
02830607
02830629
02830657
02830699
02830739
02830817
02830854
02830857
02830995
02831011
02831017
02831036
02831048
02831086
02831100
02831111
02831269
02831668
02831778
02831784
02831805
02831814
02831851
02831889
02831937
02831967
02832001
02832278
02832675
02833241
02833255
02833255
02833263
02833265
02833291
02833350
02833350
02833366
02833388
02833388
02833464
02833465
02833553
02833871
02834014
02834098
02834136
02834191
02834237
02834319
02834368
02834536
02834580
02834639
02834676
02834758
02834770
02834867
02835014
02835028
02835042
02835180
02835199
02835202
02835203
02835252
02835252
02835292
02835338
02835371
02835382
02835430
02835453
02835748
02835805
02835867
02836122
02836203
02836222
02836226
02836229
02836301
02836822
02836882
02836922
02836945
02836950
02836954
02836973
02836981
02836984
02837049
02837269
02837377
02837399
02837463
02837560
02837729
02837740
02837801
02837819
02837880
02837880
02837970
02837993
02838005
02838024
02838059
02838215
02838310
02838310
02838339
02838554
02838554
02838620
02838620
02838686
02838697
02838709
02838835
02838964
02838969
02839078
02839139
02839170
02839170
02839198
02839369
02839440
02839526
02839538
02839588
02839593
02839695
02839741
02839756
02839763
02839860
02839954
02840119
02840135
02840146
02840184
02840249
02840404
02840428
02840453
02840453
02840556
02840601
02840862
02840866
02840866
02840888
02840920
02840946
02840966
02840982
02840982
02841044
02841054
02841312
02841336
02841346
02841346
02841346
02841382
02841394
02841470
02841477
02841792
02841854
02841932
02842079
02842286
02842286
02842308
02842385
02842506
02842605
02842608
02842699
02842728
02842744
02842917
02843098
02843124
02843179
02843191
02843238
02843245
02843250
02843303
02843348
02843435
02843464
02843552
02843649
02844104
02844241
02844267
02844380
02844387
02844597
02844608
02844705
02844705
02844732
02844784
02844826
02844862
02844871
02844873
02844917
02845004
02845012
02845013
02845071
02845142
02845208
02845218
02845230
02845252
02845275
02845312
02845327
02845342
02845346
02845355
02845375
02845394
02845458
02845565
02845583
02845605
02845627
02845689
02845726
02845726
02845772
02845801
02845982
02846042
02846075
02846173
02846476
02846484
02846658
02846761
02846872
02846872
02846959
02847000
02847120
02847244
02847254
02847283
02847634
02847711
02847752
02847766
02847778
02848090
02848134
02848212
02848308
02848340
02848340
02848344
02848354
02848498
02848528
02848656
02848813
02848995
02849038
02849040
02849041
02849063
02849194
02849249
02849267
02849291
02849292
02849318
02849343
02849381
02849384
02849399
02849523
02849848
02849890
02850169
02850417
02850421
02850449
02850507
02850557
02850605
02850613
02850708
02850890
02850971
02851017
02851079
02851220
02851321
02851468
02851520
02851551
02851691
02851696
02851698
02851823
02852001
02852089
02852115
02852128
02852370
02852406
02852420
02852538
02852540
02852546
02852574
02852666
02852842
02852849
02852875
02852878
02852962
02852982
02853297
02853341
02853347
02853710
02853828
02853896
02853900
02853935
02853960
02854043
02854152
02854198
02854198
02854303
02854321
02854329
02854370
02854726
02854806
02854891
02854905
02854964
02855153
02855311
02855312
02855402
02855414
02855416
02855473
02855593
02855594
02855596
02855697
02856148
02856163
02856271
02856288
02856340
02856602
02856676
02856756
02856849
02856868
02856868
02856872
02856889
02856943
02856984
02857168
02857467
02857469
02857474
02857501
02857506
02857536
02857552
02857874
02857914
02857942
02857980
02858017
02858017
02858017
02858097
02858109
02858173
02858194
02858194
02858298
02858309
02858309
02858432
02858514
02858610
02858636
02858724
02858734
02858775
02858795
02859146
02859314
02859352
02859419
02859430
02859438
02859456
02859527
02859534
02859702
02859761
02859971
02860023
02860049
02860116
02860150
02860163
02860182
02860304
02860321
02860329
02860376
02860379
02860413
02860430
02860676
02860733
02860873
02860949
02861137
02861214
02861214
02861233
02861239
02861279
02861298
02861314
02861319
02861619
02861646
02861677
02861678
02861743
02861808
02861808
02861816
02861838
02861843
02861858
02861917
02861918
02861946
02862012
02862019
02862091
02862176
02862208
02862220
02862309
02862330
02862341
02862544
02862550
02862555
02862576
02862598
02862625
02862701
02862716
02862746
02862795
02862857
02862921
02862954
02863044
02863123
02863145
02863160
02863179
02863193
02863240
02863331
02863331
02863331
02863437
02863437
02863680
02863817
02863818
02863977
02864139
02864175
02864197
02864266
02864296
02864334
02864341
02864346
02864360
02864395
02864430
02864634
02864634
02864671
02864736
02864823
02864863
02864878
02864878
02864882
02864882
02864908
02864915
02864990
02864990
02865137
02865215
02865227
02865307
02865425
02865443
02865464
02865480
02865581
02865695
02865700
02865773
02865773
02865790
02865867
02865877
02865930
02866028
02866046
02866085
02866087
02866104
02866164
02866172
02866175
02866182
02866195
02866255
02866255
02866255
02866281
02866293
02866359
02866406
02866440
02866462
02866466
02866513
02866518
02866600
02866643
02866782
02866816
02866835
02866893
02866914
02866953
02866962
02867020
02867024
02867024
02867045
02867045
02867055
02867143
02867143
02867155
02867423
02867432
02867480
02867509
02867570
02867688
02867822
02867973
02868006
02868034
02868047
02868136
02868210
02868312
02868328
02868336
02868389
02868400
02868400
02868437
02868497
02868604
02868663
02868718
02868726
02868726
02868825
02868864
02868877
02868928
02869088
02869105
02869303
02869408
02869415
02869415
02869459
02869527
02869569
02869589
02869633
02869956
02870055
02870176
02870255
02870309
02870395
02870543
02870555
02870718
02870743
02870804
02870839
02870935
02870954
02871038
02871399
02871399
02871470
02871632
02871642
02871668
02871670
02871678
02871706
02871766
02871865
02871895
02871930
02871982
02872026
02872029
02872034
02872068
02872221
02872235
02872280
02872339
02872392
02872395
02872558
02872575
02872622
02872692
02872715
02872780
02872853
02872853
02872857
02872881
02872889
02872939
02872982
02873007
02873013
02873056
02873060
02873063
02873063
02873096
02873110
02873170
02873175
02873262
02873328
02873343
02873348
02873396
02873451
02873451
02873482
02873491
02873518
02873523
02873539
02873613
02873652
02873695
02873732
02873787
02873862
02873869
02873890
02873939
02873954
02874008
02874047
02874094
02874097
02874097
02874233
02874233
02874255
02874258
02874355
02874356
02874402
02874930
02875203
02875231
02875606
02875606
02875707
02875773
02876064
02876137
02876150
02876180
02876223
02876247
02876247
02876263
02876305
02876337
02876341
02876458
02876575
02876621
02876859
02876871
02876905
02876917
02877279
02877289
02877336
02877373
02877544
02877610
02878365
02878629
02878658
02878716
02878725
02878843
02879007
02879007
02879063
02879110
02879117
02879184
02879205
02879213
02879273
02879297
02879298
02879312
02879317
02879397
02879421
02879496
02879498
02879535
02879705
02879841
02879998
02880049
02880074
02880092
02880136
02880168
02880199
02880272
02880283
02880295
02880362
02880365
02880372
02880378
02880415
02880596
02880708
02880773
02880803
02880920
02880931
02880982
02881005
02881005
02881032
02881088
02881158
02881204
02881362
02881399
02881409
02881464
02881571
02881571
02881633
02881778
02881975
02882093
02882315
02882621
02882818
02882919
02882927
02883209
02883349
02883463
02883467
02883469
02883478
02883487
02883490
02883583
02883719
02883735
02883825
02883898
02883900
02883967
02883978
02884012
02884019
02884088
02884145
02884180
02884217
02884445
02884471
02884527
02884549
02884550
02884574
02884632
02884687
02884687
02884688
02884727
02884776
02884784
02884784
02884799
02885011
02885058
02885064
02885078
02885080
02885102
02885197
02885410
02885498
02885600
02885601
02885663
02885672
02885777
02885874
02885902
02885943
02885943
02885951
02886032
02886113
02886141
02886213
02886245
02886294
02886315
02886335
02886527
02886556
02886637
02886693
02886883
02886891
02887018
02887077
02887108
02887216
02887225
02887338
02887385
02887409
02887423
02887454
02887540
02887613
02887648
02887656
02887679
02887712
02887751
02887756
02887756
02887789
02887791
02887837
02887907
02887939
02888060
02888106
02888106
02888134
02888217
02888227
02888288
02888288
02888294
02888295
02888295
02888316
02888366
02888458
02888533
02888598
02888641
02888714
02888963
02888963
02889000
02889086
02889099
02889152
02889274
02889300
02889310
02889356
02889615
02890060
02890074
02890086
02890163
02890178
02890178
02890178
02890340
02890361
02890392
02890487
02890628
02890672
02890712
02890727
02890742
02890749
02890870
02891078
02891269
02891325
02891383
02891442
02891451
02891451
02891467
02891476
02891512
02891561
02891561
02891588
02891588
02891660
02891660
02891788
02891814
02891870
02891914
02891933
02891972
02892030
02892053
02892054
02892094
02892119
02892177
02892190
02892236
02892238
02892331
02892368
02892378
02892541
02892618
02892631
02892648
02892678
02892693
02892746
02892775
02892779
02892878
02892917
02892993
02893030
02893354
02893378
02893439
02893496
02893584
02893617
02893620
02893684
02893758
02893799
02894187
02894189
02894227
02894315
02894315
02894380
02894382
02894682
02894699
02894720
02894735
02894747
02894747
02894750
02894752
02894761
02894766
02894772
02894797
02894814
02894830
02894890
02894897
02894916
02894967
02894968
02894968
02894981
02895004
02895053
02895105
02895128
02895139
02895150
02895161
02895786
02895821
02895869
02895972
02895975
02896026
02896049
02896071
02896098
02896111
02896131
02896131
02896191
02896217
02896233
02896255
02896296
02896376
02896515
02896534
02896551
02896759
02896786
02896903
02897006
02897008
02897012
02897083
02897090
02897102
02897123
02897131
02897146
02897166
02897172
02897218
02897233
02897250
02897280
02897284
02897293
02897302
02897333
02897382
02897411
02897476
02897479
02897502
02897528
02897613
02897673
02897682
02897702
02897739
02897742
02897772
02897779
02897785
02897795
02897842
02897859
02897888
02897897
02897905
02897908
02897908
02897924
02897956
02897977
02898038
02898249
02898310
02898330
02898437
02898495
02898507
02898576
02898628
02898629
02898631
02898636
02898656
02898758
02898767
02898789
02898799
02898932
02899062
02899243
02899296
02899322
02899360
02899371
02899373
02899407
02899431
02899465
02899605
02899675
02899707
02899811
02899902
02899913
02899991
02899991
02899991
03080389
03081597
03081955
03083641
03084186
03084905
03085525
03085686
03086943
03087074
03087690
03088939
03089495
03089625
03089881
03090032
03090054
03091157
03091737
03094314
03094690
03095315
03095837
03096616
03097877
03097944
03099148
03099307
03099568
03101575
03101575
03102651
03102651
03102716
03102907
03103072
03104718
03105254
03106912
03107032
03109666
03109964
03111946
03112998
03113205
03113825
03114033
03114666
03115001
03115252
03115342
03115612
03115725
03116877
03117690
03117690
03117703
03117981
03118072
03118653
03120591
03120827
03121083
03121170
03121288
03121331
03121517
03122195
03122214
03122214
03122956
03123270
03123471
03123471
03123688
03124330
03124540
03124646
03124664
03124666
03124804
03125087
03125087
03125351
03125597
03125684
03125684
03125797
03125797
03126839
03126929
03126929
03127019
03127250
03127263
03127328
03127630
03127875
03128418
03128906
03130612
03132326
03132482
03132944
03133052
03133189
03133402
03133515
03133515
03200055
03200243
03200356
03200356
03200356
03201524
03202294
03204494
03204553
03205852
03206693
03207511
03208264
03208527
03208853
03208894
03209441
03209586
03209967
03210796
03211580
03211694
03212972
03213518
03213565
03213911
03213960
03214600
03216500
03216919
03216919
03219453
03220726
03220803
03222186
03222770
03224412
03225458
03226078
03226729
03230689
03230844
03231640
03232172
03232382
03232539
03232861
03233207
03233828
03233828
03233866
03234037
03234276
03234278
03234336
03234585
03234910
03236157
03236280
03236293
03237171
03237175
03237282
03237336
03238673
03238846
03239157
03239326
03239931
03240116
03240204
03240699
03241002
03241600
03241693
03242531
03242930
03243031
03243342
03243351
03243596
03243625
03244049
03245796
03300198
03300270
03300618
03300693
03300892
03301445
03301489
03302259
03303013
03303013
03304610
03305241
03305943
03306205
03306752
03306997
03307150
03307497
03308822
03310155
03310155
03310155
03310412
03311304
03311432
03311517
03312330
03314910
03315234
03315784
03318880
03319279
03319900
03320907
03321382
03321546
03321556
03322370
03324195
03324332
03324514
03324789
03325070
03325070
03325070
03325189
03325726
03325844
03325964
03325992
03326362
03328541
03328868
03329056
03329436
03329792
03332019
03333838
03334423
03335023
03335159
03335537
03336328
03338512
03338512
03338553
03338633
03338638
03339071
03339077
03340149
03340876
03343951
03346161
03346172
03347551
03349580
03349580
03349580
03350176
03351511
03351932
03352055
03352135
03352208
03352831
03353214
03353715
03353777
03354394
03354394
03354570
03355725
03356363
03356978
03357182
03357568
03357824
03358105
03358134
03358260
03358298
03358395
03358487
03358487
03358524
03358569
03358709
03358899
03358914
03359134
03359568
03359706
03360105
03360200
03360333
03360451
03360561
03360999
03361036
03361162
03361828
03361950
03362175
03362289
03362310
03362849
03363248
03363263
03363618
03363621
03363647
03363893
03364083
03364083
03364544
03364551
03365260
03365260
03365310
03365402
03365438
03365484
03365590
03365734
03365775
03365831
03365964
03366291
03366680
03366684
03367306
03367310
03367369
03367580
03367588
03367590
03367744
03368190
03368591
03368723
03369013
03369041
03369400
03369473
03369481
03369595
03369598
03369649
03369676
03369799
03369862
03370063
03370078
03370387
03370487
03370637
03370665
03370679
03370881
03370946
03371030
03371102
03371132
03371262
03371316
03371346
03371930
03371955
03372008
03372402
03372513
03372644
03372786
03372817
03373137
03373254
03373403
03373555
03373555
03373705
03373758
03373758
03374940
03375199
03375208
03375437
03375504
03375878
03375915
03376219
03376239
03376418
03376657
03376766
03376968
03377057
03377072
03377170
03377817
03378319
03378831
03379059
03379487
03379657
03379704
03379807
03380005
03380189
03380252
03380252
03380311
03380325
03380423
03380499
03380567
03380760
03380772
03380849
03380854
03380861
03380964
03381012
03381126
03381218
03381303
03381326
03381340
03381498
03381530
03381555
03381623
03381751
03381751
03381830
03381845
03381967
03381975
03381979
03382012
03382017
03382078
03382118
03382118
03382173
03382188
03382400
03382553
03382579
03383309
03383363
03383427
03383731
03383860
03383883
03383929
03384333
03384368
03384472
03384534
03384552
03384552
03384608
03384801
03384809
03384895
03385026
03385227
03385632
03385892
03385907
03385910
03385915
03385915
03385919
03386445
03386815
03386845
03386853
03386884
03386911
03386927
03386930
03386990
03386992
03460367
03460455
03461061
03461359
03461583
03461890
03462511
03462511
03462544
03462871
03463061
03463411
03463449
03463760
03463785
03464305
03464454
03465399
03465411
03466717
03466918
03466969
03466969
03467029
03467741
03468034
03468671
03469315
03469926
03470108
03470108
03470361
03470545
03470545
03470967
03470997
03471479
03471485
03471537
03471552
03471552
03471996
03472278
03472413
03473072
03473135
03473180
03473248
03473276
03473331
03473409
03473573
03474259
03474301
03474697
03475298
03476109
03476207
03477859
03477859
03477859
03477970
03478098
03478410
03480221
03481814
03483060
03483237
03483521
03483949
03484208
03484296
03484600
03484813
03485861
03485982
03485988
03486030
03486105
03486265
03486301
03486404
03486515
03486523
03486585
03486630
03486652
03486664
03486745
03487007
03487124
03488700
03489216
03489274
03489296
03489317
03489333
03489407
03489468
03489468
03489492
03489559
03489656
03490973
03490985
03491582